20210418 SU: 
20210418 SU: 
20210418 MU: 
20210418 SU: 
20210419 SU: 
20210419 SU: 
20210419 MU: 
20210419 SU: 
20210420 SU: 
20210420 SU: 
20210420 MU: 
20210420 SU: 
20210421 SU: 
20210421 SU: 
20210421 MU: 
20210421 SU: 
20210422 SU: 
20210422 SU: 
20210422 MU: 
20210422 SU: 
20210423 SU: 
20210423 SU: 
20210423 MU: 
20210423 SU: 
20210424 SU: 
20210424 SU: 
20210424 MU: 
20210424 SU: 
20210425 SU: 
20210425 SU: 
20210425 MU: 
20210425 SU: 
20210426 SU: 
20210426 SU: 
20210426 MU: 14
20210426 MU: 14
20210427 SU: 18(w) 23 24 28 45(w) 62 63 81 82 84 95 
20210427 SU: 18 23 24 28 45 62 63 81 82 84 95
20210427 MU: 3 4 13 14 15 19 20 27 39 40 46 48 57 59 60 70 75 86 
20210427 MU: 3 4 13 14 15 19 20 27 39 40 46 48 57 59 60 70 75 86
20210428 SU: 13 20 48 58 60 70 81 82 83 84 95 
20210428 SU: 13 20 48 58 60 70 81 82 83 84 95
20210428 MU: 14 15 19 24 27 28 31 38 39 45 46 57 59 61 69 86 92 93
20210428 MU: 14 15 19 24 27 28 31 38 39 45 46 57 59 61 69 86 92 93
20210429 SU: 2 13 15 18 19 20 24 25 27 28 29 37 48 60 63 70 81 82 84 87 95 
20210429 SU: 2 13 15 18 19 20 24 25 27 28 29 37 48 60 63 70 81 82 84 87 95
20210429 MU: 4 5 38 45 59 69 71 77 93
20210429 MU: 4 5 38 45 59 69 71 77 93
20210501 SU: 4 13 15 18 20 21 23 24 25 27 28 29 36 37 39 45 46 51 55 58 59 63 68 70 82 84 87
20210501 SU: 4 13 15 18 20 21 23 24 25 27 28 29 36 37 39 45 46 51 55 58 59 63 68 70 82 84 87
20210501 MU: 1 5 8 12 19 34 35 38 48 74 86 93
20210501 MU: 1 5 8 12 19 34 35 38 48 74 86 93
20210510 SU: 3 4 13 15 19 23 24 27 29 46 54 55 72 74 77 81 82 84 87 89 95 108 
20210510 SU: 3 4 13 15 19 23 24 27 29 46 54 55 72 74 77 81 82 84 87 89 95 108
20210510 MU: 11 12 20 25 28 36 37 40 44 48 58 60 96 98 107 109 110 111 113 121 123 128
20210510 MU: 11 12 20 25 28 36 37 40 44 48 58 60 96 98 107 109 110 111 113 121 123 128
20210511 SU: 
20210511 SU: 
20210511 MU: 
20210511 SU: 
20210514 SU: 3 4 19 20 23 24 27 36 37 38 62 66 81 82 83 84 104 108 123 
20210514 SU: 3 4 19 20 23 24 27 36 37 38 62 66 81 82 83 84 104 108 123
20210514 MU: 5 11 13 15 21 25 28 32 45 46 48 57 58 59 70 71 86 95 96 107 109 110 111 112 120 124 128
20210514 MU: 5 11 13 15 21 25 28 32 45 46 48 57 58 59 70 71 86 95 96 107 109 110 111 112 120 124 128
20210515 SU: 3 19 20 23 24 29 36 38 39 62 80 81 82 83 84 87 95 104 108 123 
20210515 SU: 3 19 20 23 24 29 36 38 39 62 80 81 82 83 84 87 95 104 108 123
20210515 MU: 1 4 5 8 11 13 15 21 25 27 28 32 37 40 48 58 59 69 70 71 72 73 86 93 96 105 107 109 110 112 119 120 121 124 128
20210515 MU: 1 4 5 8 11 13 15 21 25 27 28 32 37 40 48 58 59 69 70 71 72 73 86 93 96 105 107 109 110 112 119 120 121 124 128
20210517 SU: 4 11 15 17 19 20 23 24 27 29 32 38 46 48 58 69 74 80 81 82 83 84 86 87 95 96 100 104 107 108 109 123 128
20210517 SU: 4 11 15 17 19 20 23 24 27 29 32 38 46 48 58 69 74 80 81 82 83 84 86 87 95 96 100 104 107 108 109 123 128
20210517 MU: 5 13 21 28 31 36 37 42 45 59 66(mingled with noise) 70 71 72 93 98 110 112 120 121 124
20210517 MU: 5 13 21 28 31 36 37 42 45 59 66 70 71 72 93 98 110 112 120 121 124
20210518 SU: 15 17 19 20 24 27 29 32 36 38 48 58 69 81 82 84 87 95 96 104 107 108 109 120 123
20210518 SU: 15 17 19 20 24 27 29 32 36 38 48 58 69 81 82 84 87 95 96 104 107 108 109 120 123
20210518 MU: 13 21 23 25 28 31 35 37 46 59 60 66 67 70 71 72 83 93 98 100 110 111 112 114 121 124 128
20210518 MU: 13 21 23 25 28 31 35 37 46 59 60 66 67 70 71 72 83 93 98 100 110 111 112 114 121 124 128
20210519 SU: 15 17 19 20 21 24 27 28 32 36 38 48 58 65 81 82 83 84 87 95 104 108 109 112 120 123
20210519 SU: 15 17 19 20 21 24 27 28 32 36 38 48 58 65 81 82 83 84 87 95 104 108 109 112 120 123
20210519 MU: 4 11 13 23 25 29 35 37 39 46 59 60 67 69 70 71 93 112 114 121 124 126 128
20210519 MU: 4 11 13 23 25 29 35 37 39 46 59 60 67 69 70 71 93 112 114 121 124 126 128
20210520 SU: 15 17 19 20 21 24 27 29 32 36 38 48 58 65 81 82 87 95 108 120 124 128
20210520 SU: 15 17 19 20 21 24 27 29 32 36 38 48 58 65 81 82 87 95 108 120 124 128
20210520 MU: 3 4 5 8 11 13 22 23 28 35 37 47 59 70 71 73 83 84 93 109 112 114 123 126
20210520 MU: 3 4 5 8 11 13 22 23 28 35 37 47 59 70 71 73 83 84 93 109 112 114 123 126
20210521 SU: 15 17 19 24 27 38 48 58 59 60 65 81 82 83 95 107 108 124 128
20210521 SU: 15 17 19 24 27 38 48 58 59 60 65 81 82 83 95 107 108 124 128
20210521 MU: 3 4 5 8 11 13 20 21 22 23 35 36 37 57 70 71 84 109 112 114 120 126
20210521 MU: 3 4 5 8 11 13 20 21 22 23 35 36 37 57 70 71 84 109 112 114 120 126
20210524 SU: 9 18 24 27 28 37 95 119
20210524 SU: 9 18 24 27 28 37 95 119
20210524 MU: 1 3 4 5 8 12 15 21 25 35 36 47 61 70 71 81 82 98 102 114 120 126 128
20210524 MU: 1 3 4 5 8 12 15 21 25 35 36 47 61 70 71 81 82 98 102 114 120 126 128
20210525 SU: 24 37 69 82
20210525 SU: 24 37 69 82
20210525 MU: 1 3 4 5 8 19 25 27 28 35 36 58 71 95 114 119 126 128
20210525 MU: 1 3 4 5 8 19 25 27 28 35 36 58 71 95 114 119 126 128
20210527 SU: 1 2 3 9 25 27 82 95
20210527 SU: 1 2 3 9 25 27 82 95
20210527 MU: 4 5 8 15 36 69 70 71 80 85 93 114 119 126 128
20210527 MU: 4 5 8 15 36 69 70 71 80 85 93 114 119 126 128
20210528 SU: 2 3 4 10 12 24 69
20210528 SU: 2 3 4 10 12 24 69
20210528 MU: 1 5 8 15 21 25 36 37 70 71 82 85 114
20210528 MU: 1 5 8 15 21 25 36 37 70 71 82 85 114
20210531 SU: 2 3 10 15 24 25 28 37 69 82 83 128
20210531 SU: 2 3 10 15 24 25 28 37 69 82 83 128
20210531 MU: 1 4 5 8 17 18 27 70 81 107(with noise) 119
20210531 MU: 1 4 5 8 17 18 27 70 81 107 119
20210601 SU: 10 24 25 69 82 83 107 128
20210601 SU: 10 24 25 69 82 83 107 128
20210601 MU: 1 2 4 5 15 18 36 37 58 70 71 81 106 108 117 119
20210601 MU: 1 2 4 5 15 18 36 37 58 70 71 81 106 108 117 119
20210602 SU: 2  8 10 15 18 24 27 69 82 83 107 108 117(low fr) 119
20210602 SU: 2 8 10 15 18 24 27 69 82 83 107 108 117 119
20210602 MU: 1 3 4 5 17 19 25 28 35 36 37 71 81 95 106 120
20210602 MU: 1 3 4 5 17 19 25 28 35 36 37 71 81 95 106 120
20210603 SU: 2  8 10 15 18 24 27 69 81 82 83 117(low fr)
20210603 SU: 2 8 10 15 18 24 27 69 81 82 83 117
20210603 MU: 1 3 4 5 19 28 35 37 48 50 56 58 59 71 95 106 120 128
20210603 MU: 1 3 4 5 19 28 35 37 48 50 56 58 59 71 95 106 120 128
20210605 SU: 2 4 10 15 18 19 24 27 28 69 81 82 83 107
20210605 SU: 2 4 10 15 18 19 24 27 28 69 81 82 83 107
20210605 MU: 1 3 5 8 35 36 37 58 59 71 95 105 106 108 117 120 126
20210605 MU: 1 3 5 8 35 36 37 58 59 71 95 105 106 108 117 120 126
20210606 SU: 4 10 15 18 19 24 27 28 35 37 69 81 82 83 84 107 108
20210606 SU: 4 10 15 18 19 24 27 28 35 37 69 81 82 83 84 107 108
20210606 MU: 1 3 5 8 36 58 59 71 88 95 119 120 128
20210606 MU: 1 3 5 8 36 58 59 71 88 95 119 120 128
20210607 SU: 4 10 18 27 45 48 59 69 83 96 107 120
20210607 SU: 4 10 18 27 45 48 59 69 83 96 107 120
20210607 MU: 1 2 3 5 8 15 19 23 24 28 35 37 57 71 82 88 95 108 117 119
20210607 MU: 1 2 3 5 8 15 19 23 24 28 35 37 57 71 82 88 95 108 117 119
20210609 SU: 4 10 13 18 19 23 27 36 48 81 82 83 106 107 120
20210609 SU: 4 10 13 18 19 23 27 36 48 81 82 83 106 107 120
20210609 MU: 3 5 8 15 23 24 25 28 32 35 37 47 57 59 69 95 96 105 108
20210609 MU: 3 5 8 15 23 24 25 28 32 35 37 47 57 59 69 95 96 105 108
20210610 SU: 4 8 10 13 18 23 27 48 69 81 82 83 84 107 120
20210610 SU: 4 8 10 13 18 23 27 48 69 81 82 83 84 107 120
20210610 MU: 2 3 5 15 19 32 37 57 59 71 95 96 106 108 116 119
20210610 MU: 2 3 5 15 19 32 37 57 59 71 95 96 106 108 116 119
20210611 SU: 2 4 5 8 10 13(s) 23 27 28 35 37 48 59 69 81 82 83 95 107 108 119 120 123(very low FR) 127
20210611 SU: 2 4 5 8 10 13 23 27 28 35 37 48 59 69 81 82 83 95 107 108 119 120 123 127
20210611 MU: 3 15 18 19 32 36 84(s) 96(s) 106(s) 108 117 
20210611 MU: 3 15 18 19 32 36 84 96 106 108 117
20210613 SU: 5 8 34 37 45 48 59 82 83 95 96 108 119 120
20210613 SU: 5 8 34 37 45 48 59 82 83 95 96 108 119 120
20210613 MU: 2 3 4 10 13 15 17 18 19 23 27 28 32 57 69 81 83 105 107 127
20210613 MU: 2 3 4 10 13 15 17 18 19 23 27 28 32 57 69 81 83 105 107 127
20210614 SU: 4 5 11 25 37 45 48 59 95 96 105 108 119
20210614 SU: 4 5 11 25 37 45 48 59 95 96 105 108 119
20210614 MU: 2 3 8 10 13 15 17 18 19 20 23 24 27 28 32 47 57 69 81 82 83 84 107 120 123 127
20210614 MU: 2 3 8 10 13 15 17 18 19 20 23 24 27 28 32 47 57 69 81 82 83 84 107 120 123 127
20210615 SU: 3 8 69 70 106 108 127
20210615 SU: 3 8 69 70 106 108 127
20210615 MU: 4 5 10 23 107
20210615 MU: 4 5 10 23 107
20210616 SU: 3 8 18 24 69 106
20210616 SU: 3 8 18 24 69 106
20210616 MU: 15 25 45 119 
20210616 MU: 15 25 45 119
20210617 SU: 1 2 3 4 5 10 15 106 127
20210617 SU: 1 2 3 4 5 10 15 106 127
20210617 MU: 25 69
20210617 MU: 25 69
20210618 SU: 2 5 15 18 25 45 106 117 127
20210618 SU: 2 5 15 18 25 45 106 117 127
20210618 MU: 24 70 82
20210618 MU: 24 70 82
20210619 SU: 1 2 4 15 18 24 25 35 36 45 70
20210619 SU: 1 2 4 15 18 24 25 35 36 45 70
20210619 MU: 81 82 105 126 127
20210619 MU: 81 82 105 126 127
20210621 SU: 2 15 24 25
20210621 SU: 2 15 24 25
20210621 MU: 3 10 54 70 82 106 126 127
20210621 MU: 3 10 54 70 82 106 126 127
20210622 SU: 51 
20210622 SU: 51
20210622 MU: 1 3 5 27 54
20210622 MU: 1 3 5 27 54
20210624 SU: 1 9 27 51 70 
20210624 SU: 1 9 27 51 70
20210624 MU: 3 4 8 54
20210624 MU: 3 4 8 54
20210625 SU: 9 17(low FR) 51(small) 70 
20210625 SU: 9 17 51 70
20210625 MU: 1 3 4 8
20210625 MU: 1 3 4 8
20210629 SU: 3 51(small)
20210629 SU: 3 51
20210629 MU: 1 5 8 9 70
20210629 MU: 1 5 8 9 70
20210630 SU: 51
20210630 SU: 51
20210630 MU: 1 3 5 8 9 70 85 88(MU appear and diappear repeatedly)
20210630 MU: 1 3 5 8 9 70 85 88
20210701 SU: 3 51
20210701 SU: 3 51
20210701 MU: 1 5 70 88(MU appear and diappear repeatedly)
20210701 MU: 1 5 70 88
20210702 SU: 1 2 3 9 51(small)
20210702 SU: 1 2 3 9 51
20210702 MU: 4 5 8 88(large MU)
20210702 MU: 4 5 8 88
20210703 SU: 2 4
20210703 SU: 2 4
20210703 MU: 1 3 5 8 9 51
20210703 MU: 1 3 5 8 9 51
20210705 SU: 1 3 51(low FR)
20210705 SU: 1 3 51
20210705 MU: 2 10
20210705 MU: 2 10
20210706 SU: 1 3 5 51(low FR)
20210706 SU: 1 3 5 51
20210706 MU: 2
20210706 MU: 2
20210707 SU: 1 3 27 51(small) 70
20210707 SU: 1 3 27 51 70
20210707 MU: 2 5 117
20210707 MU: 2 5 117
20210709 SU: 1 3 27 51(small) 70
20210709 SU: 1 3 27 51 70
20210709 MU: 2 5 117
20210709 MU: 2 5 117
20210720 SU: 9 51
20210720 SU: 9 51
20210720 MU: 3 4 5 27 85
20210720 MU: 3 4 5 27 85
20210728 SU: 2 18
20210728 SU: 2 18
20210728 MU: 50 54 85
20210728 MU: 50 54 85
20210729 SU: 2 18
20210729 SU: 2 18
20210729 MU: 50 54 85
20210729 MU: 50 54 85
20210731 SU: 
20210731 SU: 
20210731 MU: 
20210731 SU: 
20210803 SU: 1 18 51 
20210803 SU: 1 18 51
20210803 MU: 2 10 71 88 
20210803 MU: 2 10 71 88
20210806 SU: 18
20210806 SU: 18
20210806 MU: 3 48 54 71
20210806 MU: 3 48 54 71
20210810 SU: 
20210810 SU: 
20210810 MU: 3 54
20210810 MU: 3 54
20210812 SU: 
20210812 SU: 
20210812 MU: 3 54
20210812 MU: 3 54
20210813 SU: 
20210813 SU: 
20210813 MU: 
20210813 SU: 
20210816 SU: 
20210816 SU: 
20210816 MU: 117
20210816 MU: 117
20210817 SU: 7
20210817 SU: 7
20210817 MU: 117
20210817 MU: 117
20210818 SU: 
20210818 SU: 
20210818 MU: 2 63 71
20210818 MU: 2 63 71
20210820 SU: 
20210820 SU: 
20210820 MU: 2 63 71
20210820 MU: 2 63 71
20210825 SU: 
20210825 SU: 
20210825 MU: 2 63 71
20210825 MU: 2 63 71
20210826 SU: 2
20210826 SU: 2
20210826 MU: 
20210826 SU:
