20201118 SU: 26  27  40  70 88   97 110 112  114   115 117  125 127  128  136 137 139 142 147 
20201118 SU: 26 27 40 70 88 97 110 112 114 115 117 125 127 128 136 137 139 142 147
20201118 MU: 65  126  129 132 133 134
20201118 MU: 65 126 129 132 133 134
20201119 SU: 40  70 110 114  115 125  127  128  136  137 139 142
20201119 SU: 40 70 110 114 115 125 127 128 136 137 139 142
20201119 MU: 126  129 132
20201119 MU: 126 129 132
20201120 SU: 33 34 40 58 70 81 97 110  127  128  129 136  137 139 142
20201120 SU: 33 34 40 58 70 81 97 110 127 128 129 136 137 139 142
20201120 MU: 114115117129132
20201120 MU: 114115117129132
20201121 SU: 25 40 58 70 83 97 110 127 128 132 136  137 139 142
20201121 SU: 25 40 58 70 83 97 110 127 128 132 136 137 139 142
20201121 MU: 30114115129
20201121 MU: 30114115129
20201123 SU: 40 58 97 110 112  114  129  132 137 139
20201123 SU: 40 58 97 110 112 114 129 132 137 139
20201123 MU: 30  127  128  136  142
20201123 MU: 30 127 128 136 142
20201124 SU: 40  70  81  83 97  100  110 114  128  129  132  137 139 142
20201124 SU: 40 70 81 83 97 100 110 114 128 129 132 137 139 142
20201124 MU: 30  34  127  133  134  136
20201124 MU: 30 34 127 133 134 136
20201125 SU: 30  70  83  100  110  128  129  132  139
20201125 SU: 30 70 83 100 110 128 129 132 139
20201125 MU: 40  58  114  127  134  136  137
20201125 MU: 40 58 114 127 134 136 137
20201127 SU: 30  44  110
20201127 SU: 30 44 110
20201127 MU: 81  112 very big)  114  137  139
20201127 MU: 81 112 114 137 139
20201128 SU: 30  34  58  110
20201128 SU: 30 34 58 110
20201128 MU: 40  70  81  83 very big)  100  114  125  127  128  129  132  136  137  139  142
20201128 MU: 40 70 81 83 100 114 125 127 128 129 132 136 137 139 142
20201129 SU: 30  40  45  70 rate small)  110  129 rate small)
20201129 SU: 30 40 45 70 110 129
20201129 MU: 112  114  125  127  136  137  139
20201129 MU: 112 114 125 127 136 137 139
20201130 SU: 30  40 44  45 58  70  81 97 110 125 129 137 139 142
20201130 SU: 30 40 44 45 58 70 81 97 110 125 129 137 139 142
20201130 MU: 133 136
20201130 MU: 133 136
20201201 SU: 8 25 30 34  40 45 58  70 110 125 quality) 129 137 139
20201201 SU: 8 25 30 34 40 45 58 70 110 125 129 137 139
20201201 MU: 97 114 132 133 136 142
20201201 MU: 97 114 132 133 136 142
20201202 SU: 25 30 34  40 45 70 100 110 112 125  137 142
20201202 SU: 25 30 34 40 45 70 100 110 112 125 137 142
20201202 MU: 97 114 127 132 133 136 139
20201202 MU: 97 114 127 132 133 136 139
20201203 SU: 27 30 34  40 45 58 70 83 100 110 112 137 139
20201203 SU: 27 30 34 40 45 58 70 83 100 110 112 137 139
20201203 MU: 65 114 115 132 133 134  136
20201203 MU: 65 114 115 132 133 134 136
20201204 SU: 30 34  40 58 70 110 112 137 139
20201204 SU: 30 34 40 58 70 110 112 137 139
20201204 MU: 45 63 65 83 97 100 114 125 127 132 133  136
20201204 MU: 45 63 65 83 97 100 114 125 127 132 133 136
20201205 SU: 30 34  40 58 65 70 100 110 128 129 137 139 142
20201205 SU: 30 34 40 58 65 70 100 110 128 129 137 139 142
20201205 MU: 4 5 6 27 44 45 63 81 83 97 114 125 127 132 133  136
20201205 MU: 4 5 6 27 44 45 63 81 83 97 114 125 127 132 133 136
20201207 SU: 30 40 58 70 110 129 137 139
20201207 SU: 30 40 58 70 110 129 137 139
20201207 MU: 5 6 13 27 44 81 88 97 100 114 125 127 128.132 133  136
20201207 MU: 5 6 13 27 44 81 88 97 100 114 125 127 128.132 133 136
20201209 SU: 30 40 58 70 97 100 110 114 129 139
20201209 SU: 30 40 58 70 97 100 110 114 129 139
20201209 MU: 4 5 13 27 33 44 45 81 83 88 112 115 127 132 133  136 137
20201209 MU: 4 5 13 27 33 44 45 81 83 88 112 115 127 132 133 136 137
20201210 SU: 5 30 40 44  58  70 83 97 100 110 114 129 132 than 2)  139
20201210 SU: 5 30 40 44 58 70 83 97 100 110 114 129 132 139
20201210 MU: 13 27 88 127 133  136 137
20201210 MU: 13 27 88 127 133 136 137
20201211 SU: 4 5 30 33 40  58  70 81 83 97 100 110 114 129 132
20201211 SU: 4 5 30 33 40 58 70 81 83 97 100 110 114 129 132
20201211 MU: 7 13 44 88 127 128 130 133  136 137 139
20201211 MU: 7 13 44 88 127 128 130 133 136 137 139
20201212 SU: 30 33 58  70 83 97 100 114 125 128 132 to the distance from ghost) 
20201212 SU: 30 33 58 70 83 97 100 114 125 128 132
20201212 MU: 4 5 7 27 40 44 88 127 128 129 133  136 139 142
20201212 MU: 4 5 7 27 40 44 88 127 128 129 133 136 139 142
20201213 SU: 30 33 44 58  70 88 97 100 114 125 128 132 to the distance from ghost) 139
20201213 SU: 30 33 44 58 70 88 97 100 114 125 128 132 139
20201213 MU: 4 5 40 83 94  127 129 136
20201213 MU: 4 5 40 83 94 127 129 136
20201214 SU: 30 33 58  70 83 85 97 110 114 125 128 132 to the distance from ghost) 139
20201214 SU: 30 33 58 70 83 85 97 110 114 125 128 132 139
20201214 MU: 4 5 6 7 24 25 40 63 81 88 100 112 127 129 133 136 137
20201214 MU: 4 5 6 7 24 25 40 63 81 88 100 112 127 129 133 136 137
20201215 SU: 30 33 81 85 94 97 100 110 114 117 129 132 to the distance from ghost) 139 142
20201215 SU: 30 33 81 85 94 97 100 110 114 117 129 132 139 142
20201215 MU: 4 5 6 7 24 40 70 81 83 88 105 127 128 133 136 137
20201215 MU: 4 5 6 7 24 40 70 81 83 88 105 127 128 133 136 137
20201216 SU: 30 33 58 85 97 100 114 117 129 132 139
20201216 SU: 30 33 58 85 97 100 114 117 129 132 139
20201216 MU: 4 5 6 7 70 83 94 105 127 128 133 136 137
20201216 MU: 4 5 6 7 70 83 94 105 127 128 133 136 137
20201217 SU: 70 85 100 114 132 139 142
20201217 SU: 70 85 100 114 132 139 142
20201217 MU: 4 5 30 40 58 81 97 105 110 117 127 128 136 137
20201217 MU: 4 5 30 40 58 81 97 105 110 117 127 128 136 137
20201218 SU: 100117130132139
20201218 SU: 100117130132139
20201218 MU: 4 5 7 30 33 34 40 45 58 65 70 81 83 85 94 97 105 110 114 127 128 133 136 137
20201218 MU: 4 5 7 30 33 34 40 45 58 65 70 81 83 85 94 97 105 110 114 127 128 133 136 137
20201219 SU: 30 33 65 70 85 97 100 105 110 115 117 128 129 130 132 139
20201219 SU: 30 33 65 70 85 97 100 105 110 115 117 128 129 130 132 139
20201219 MU: 4 5 6 7 25 28 40 61 65 81 83 88 94 97 114 127 136 137 142
20201219 MU: 4 5 6 7 25 28 40 61 65 81 83 88 94 97 114 127 136 137 142
20201221 SU: 5 30 65 70 100 105 110 112 115 117 128 129 130 142
20201221 SU: 5 30 65 70 100 105 110 112 115 117 128 129 130 142
20201221 MU: 13 61 65 83 88 94 114 127 130 132 136 137 139 142
20201221 MU: 13 61 65 83 88 94 114 127 130 132 136 137 139 142
20201222 SU: 30 58 63 65 70 83 97 100 110 112 117 130 136 137 139
20201222 SU: 30 58 63 65 70 83 97 100 110 112 117 130 136 137 139
20201222 MU: 13 40 61 65 70 81 112 127 130 139
20201222 MU: 13 40 61 65 70 81 112 127 130 139
20201223 SU: 30 44 61 63 70 83 97 110 112 129 130 136 137 139 142
20201223 SU: 30 44 61 63 70 83 97 110 112 129 130 136 137 139 142
20201223 MU: 40 61 65 70 81 100 112 130 137 139
20201223 MU: 40 61 65 70 81 100 112 130 137 139
20201224 SU: 63 70 97 112 129 136 139 142
20201224 SU: 63 70 97 112 129 136 139 142
20201224 MU: 30 40 44 58 100 110 127 130 132 137
20201224 MU: 30 40 44 58 100 110 127 130 132 137
20201225 SU: 70110112
20201225 SU: 70110112
20201225 MU: 30 40 58 65 83 97 100 127 129 130 132 136 137 139
20201225 MU: 30 40 58 65 83 97 100 127 129 130 132 136 137 139
20201226 SU: 9 40 70 137 139
20201226 SU: 9 40 70 137 139
20201226 MU: 8 13 30 32 65 81 97 110 112 130 132 136
20201226 MU: 8 13 30 32 65 81 97 110 112 130 132 136
20201228 SU: 9 30 61 70 110 112 128 137 139 142
20201228 SU: 9 30 61 70 110 112 128 137 139 142
20201228 MU: 8 13 44 52 65 88 127 129 130 132 136
20201228 MU: 8 13 44 52 65 88 127 129 130 132 136
20201229 SU: 9 30 61 70 110 112 125 128 137 139
20201229 SU: 9 30 61 70 110 112 125 128 137 139
20201229 MU: 8 13 44 52 65 88
20201229 MU: 8 13 44 52 65 88
20201230 SU: 30 63 70 112 127 
20201230 SU: 30 63 70 112 127
20201230 MU: 8 9 13 81 115 117 137 139
20201230 MU: 8 9 13 81 115 117 137 139
20201231 SU: 30 49 61 63 70 88 112 128 130 142
20201231 SU: 30 49 61 63 70 88 112 128 130 142
20201231 MU: 8 9 13 65 81 117 137 139
20201231 MU: 8 9 13 65 81 117 137 139
20210101 SU: 30 70 110 112 128 130 139 142
20210101 SU: 30 70 110 112 128 130 139 142
20210101 MU: 29114133137
20210101 MU: 29114133137
20210102 SU: 65 70 105 changed) 112 134 changed) 139
20210102 SU: 65 70 105 112 134 139
20210102 MU: 8 9 114 115 117 in the latter half) 137
20210102 MU: 8 9 114 115 117 137
20210104 SU: 33 61 65 70 105 112 114 137 140
20210104 SU: 33 61 65 70 105 112 114 137 140
20210104 MU: 30 128 132 134 137 large) 139
20210104 MU: 30 128 132 134 137 139
20210105 SU: 30 33 65 70 112 114 115 137 139 140 142
20210105 SU: 30 33 65 70 112 114 115 137 139 140 142
20210105 MU: 34 114 137 large) 139 large) 142
20210105 MU: 34 114 137 139 142
20210106 SU: 30 58 65 70 110 130 139
20210106 SU: 30 58 65 70 110 130 139
20210106 MU: 33 34 44 81 83 94 112 114 115 128 129 137 140
20210106 MU: 33 34 44 81 83 94 112 114 115 128 129 137 140
20210107 SU: 58 70 110 139 142
20210107 SU: 58 70 110 139 142
20210107 MU: 30 32 33 34 81 105 114 115 129 130 132 137 140
20210107 MU: 30 32 33 34 81 105 114 115 129 130 132 137 140
20210108 SU: 58 63 70 100 112 130 134 139
20210108 SU: 58 63 70 100 112 130 134 139
20210108 MU: 9 30 33 34 44 65 110 137 140
20210108 MU: 9 30 33 34 44 65 110 137 140
20210110 SU: 30 58 65 70 94 100 105 large) 112 114 large) 130 133 137 large) 139 large)
20210110 SU: 30 58 65 70 94 100 105 112 114 130 133 137 139
20210110 MU: 30 44 61 65 81 110 114 129 136 137
20210110 MU: 30 44 61 65 81 110 114 129 136 137
20210111 SU: 30 large) 70 81 100 105 110 112 129 132 133 137 large) 139 large) 142 large)
20210111 SU: 30 70 81 100 105 110 112 129 132 133 137 139 142
20210111 MU: 4 8 32 33 44 58 61 70 81 88 105 110 114 115 117 130 136
20210111 MU: 4 8 32 33 44 58 61 70 81 88 105 110 114 115 117 130 136
20210112 SU: 58 65 70 100 110 129 130 133 137 large) 139 large) 142 large)
20210112 SU: 58 65 70 100 110 129 130 133 137 139 142
20210112 MU: 30 32 33 40 81 88 114 117 127 132 136
20210112 MU: 30 32 33 40 81 88 114 117 127 132 136
20210113 SU: 45 65 70 110 114 129 130 133 137 large) 139 large) 142 large)
20210113 SU: 45 65 70 110 114 129 130 133 137 139 142
20210113 MU: 30 32 33 34 40 83 88 94 100 117 127 132 136
20210113 MU: 30 32 33 34 40 83 88 94 100 117 127 132 136
20210114 SU: 31 65 70 114 128 130 139 140 142 threshold)
20210114 SU: 31 65 70 114 128 130 139 140 142
20210114 MU: 30 32 33 45 81 127 133 136 137
20210114 MU: 30 32 33 45 81 127 133 136 137
20210115 SU: 31 45 65 70 81 112 114 130 139 140 firing rate)
20210115 SU: 31 45 65 70 81 112 114 130 139 140
20210115 MU: 30 32 33 40 61 amp) 127 128 133 137
20210115 MU: 30 32 33 40 61 127 128 133 137
20210116 SU: 31 40 65 81 94 112 114 130 139 140 firing rate)
20210116 SU: 31 40 65 81 94 112 114 130 139 140
20210116 MU: 32 33  61 amp) 70 88 127 128 133 137 142
20210116 MU: 32 33 61 70 88 127 128 133 137 142
20210118 SU: 65 70 81 100 105 112 117 130 133 139 140
20210118 SU: 65 70 81 100 105 112 117 130 133 139 140
20210118 MU: 32 33 44 61 amp) 110 137
20210118 MU: 32 33 44 61 110 137
20210119 SU: 65 81 100 110 112 115 117 128 129 130 132 133 137 139 140 142
20210119 SU: 65 81 100 110 112 115 117 128 129 130 132 133 137 139 140 142
20210119 MU: 32 33 44 61 amp) 70 127 136
20210119 MU: 32 33 44 61 70 127 136
20210120 SU: 81 85 112 117 125 137 139 140
20210120 SU: 81 85 112 117 125 137 139 140
20210120 MU: 33 45 65 127 130 136 142
20210120 MU: 33 45 65 127 130 136 142
20210122 SU: 70 in the recording session) 81 130 139 140 142
20210122 SU: 70 81 130 139 140 142
20210122 MU: 117 133 136 137
20210122 MU: 117 133 136 137
20210123 SU: 29 fr) 65 noise) 137 139 140 142  but low fr)
20210123 SU: 29 65 137 139 140 142
20210123 MU: 31 34 44 70  81 117 130 133
20210123 MU: 31 34 44 70 81 117 130 133
20210124 SU: 45 58 65 noise) 88 137 139 140
20210124 SU: 45 58 65 88 137 139 140
20210124 MU: 31 32 33 34 44 70 81 117 129 133 136
20210124 MU: 31 32 33 34 44 70 81 117 129 133 136
20210126 SU: 9 45 58 137 139 140
20210126 SU: 9 45 58 137 139 140
20210126 MU: 8 30 65 noise) 81 136
20210126 MU: 8 30 65 81 136
20210127 SU: 9 45 115 129 137 139 140 142
20210127 SU: 9 45 115 129 137 139 140 142
20210127 MU: 33 81 130 136
20210127 MU: 33 81 130 136
20210128 SU: 29 45 81 100  low fr) 114 117 128 129 137 139 140
20210128 SU: 29 45 81 100 114 117 128 129 137 139 140
20210128 MU: 9 33 44 110 115 127 132 136
20210128 MU: 9 33 44 110 115 127 132 136
20210129 SU: 9 fr) 45 70 81 100  low fr) 114 115 128 129 130 fr) 133 137 139 140
20210129 SU: 9 45 70 81 100 114 115 128 129 130 133 137 139 140
20210129 MU: 8 31 33 44 49 81 115 117 132 136
20210129 MU: 8 31 33 44 49 81 115 117 132 136
20210130 SU: 9 FR) 30 34 45 FR) 58 81 112 129 137 139 140
20210130 SU: 9 30 34 45 58 81 112 129 137 139 140
20210130 MU: 8 31 33 44 127 136
20210130 MU: 8 31 33 44 127 136
20210131 SU: 30 45 FR) 97 100 110 112 114 129 137 139 140
20210131 SU: 30 45 97 100 110 112 114 129 137 139 140
20210131 MU: 8 9 33 50 65 117 127 136
20210131 MU: 8 9 33 50 65 117 127 136
20210201 SU: 9 45 FR) 100 110 128 low FR) 129 130 low FR) 132 133 139 140 142
20210201 SU: 9 45 100 110 128 129 130 132 133 139 140 142
20210201 MU: 8 30 33 FR) 50 117 128 136 137
20210201 MU: 8 30 33 50 117 128 136 137
20210202 SU: 45 FR) 70 low FR) 81 100 110 127 129 130 low FR) 132 139 140 142
20210202 SU: 45 70 81 100 110 127 129 130 132 139 140 142
20210202 MU: 8 9 33 FR) 34 FR) 44 50 58 65 FR) 117 128 133 136 137
20210202 MU: 8 9 33 34 44 50 58 65 117 128 133 136 137
20210203 SU: 8 9 34 45 63 70 FR) 83 94 97 FR) 100 110 127 128 129 FR) 132 136 139 140
20210203 SU: 8 9 34 45 63 70 83 94 97 100 110 127 128 129 132 136 139 140
20210203 MU: 30 31 33 FR) 44 50 58 65 81 88 112 117 130 FR) 133 137 142
20210203 MU: 30 31 33 44 50 58 65 81 88 112 117 130 133 137 142
20210204 SU: 9 32 34 45 70 FR) 97 FR) 110 127 128 129 132 137 140
20210204 SU: 9 32 34 45 70 97 110 127 128 129 132 137 140
20210204 MU: 8 30 40 58 81 94 100 105 115 133 136
20210204 MU: 8 30 40 58 81 94 100 105 115 133 136
20210205 SU: 40 of the session) 45 70 83 in the session) 85 with very large nosie) 97 FR) 105 fr) 110 115 fr) 127 fr) 129 132 137 139 140
20210205 SU: 40 45 70 83 85 97 105 110 115 127 129 132 137 139 140
20210205 MU: 8 9 30 32 34 81 114 128 136
20210205 MU: 8 9 30 32 34 81 114 128 136
20210206 SU: 32 45 97 FR) 105 fr) 100 110 127 129 132 bound) 137 139 140
20210206 SU: 32 45 97 105 100 110 127 129 132 137 139 140
20210206 MU: 8 9 29 30 31 33 44.81 83 114 133 136
20210206 MU: 8 9 29 30 31 33 44.81 83 114 133 136
20210207 SU: 32 45 81 97 FR) 105 fr) 110 127 129 137 139 140
20210207 SU: 32 45 81 97 105 110 127 129 137 139 140
20210207 MU: 8 9 29 30 31 33 58 65 112 114 FR) 133 136 142
20210207 MU: 8 9 29 30 31 33 58 65 112 114 133 136 142
20210208 SU: 8 30 45 58 63 70 FR) 97 FR) 100 FR) 110 127 low FR) 129 137 139 140
20210208 SU: 8 30 45 58 63 70 97 100 110 127 129 137 139 140
20210208 MU: 9 31 32 33 34 65 81 112 114 FR) 115 FR) 130 133 136 142
20210208 MU: 9 31 32 33 34 65 81 112 114 115 130 133 136 142
20210209 SU: 8 30 45 58 low FR) 110 112 127 low FR) 129 130 133 FR) 137 139 140
20210209 SU: 8 30 45 58 110 112 127 129 130 133 137 139 140
20210209 MU: 9 31 32 33 34 63 70 81 83 97 100 114 117 128 136
20210209 MU: 9 31 32 33 34 63 70 81 83 97 100 114 117 128 136
20210211 SU: 9 33 45 70 112 129 133 137 139 140
20210211 SU: 9 33 45 70 112 129 133 137 139 140
20210211 MU: 4 6 8 30 31 32 34 81 83 97 100 110 127 130 132 136
20210211 MU: 4 6 8 30 31 32 34 81 83 97 100 110 127 130 132 136
20210212 SU: 45 110  large noises) 117 129 130 137 139 140
20210212 SU: 45 110 117 129 130 137 139 140
20210212 MU: 6 8 9 30 32 70 81 83 127 132 133 136
20210212 MU: 6 8 9 30 32 70 81 83 127 132 133 136
20210213 SU: 45 97 112 in the session) 114 129 132 137 139 140
20210213 SU: 45 97 112 114 129 132 137 139 140
20210213 MU: 8 30 32 70 83 100 110 117 127 128 136
20210213 MU: 8 30 32 70 83 100 110 117 127 128 136
20210215 SU: 44 45 129 132 137 139 140
20210215 SU: 44 45 129 132 137 139 140
20210215 MU: 30 31 32 33 70 81 114 117 127 128 130 136
20210215 MU: 30 31 32 33 70 81 114 117 127 128 130 136
20210216 SU: 30 31 32 45 105 mid-freq noise) 127 129 132 139 140
20210216 SU: 30 31 32 45 105 127 129 132 139 140
20210216 MU: 8 9 29 49 like spikes but with strong noises and extreamly irregular amplitude) 81 94 100 110 114 117 130 133 136 137
20210216 MU: 8 9 29 49 81 94 100 110 114 117 130 133 136 137
20210217 SU: 45 70 114 127 fr) 128 129 132 140
20210217 SU: 45 70 114 127 128 129 132 140
20210217 MU: 31 32 58 110 115 117 133 136 137 139
20210217 MU: 31 32 58 110 115 117 133 136 137 139
20210218 SU: 45 70 100 105 114 128 129 130 139 140
20210218 SU: 45 70 100 105 114 128 129 130 139 140
20210218 MU: 8 9 31 32 33 34 58 81 85 110 112 117 132 136 137 142
20210218 MU: 8 9 31 32 33 34 58 81 85 110 112 117 132 136 137 142
20210219 SU: 45 70 100 110 114 117 127 128 129 130 139 140 142
20210219 SU: 45 70 100 110 114 117 127 128 129 130 139 140 142
20210219 MU: 33 58 97 132 133 137
20210219 MU: 33 58 97 132 133 137
20210220 SU: 33 FR) 45 70 94 100 114 117 127 128 129 133 137 139 140
20210220 SU: 33 45 70 94 100 114 117 127 128 129 133 137 139 140
20210220 MU: 8 9 31 34 58 81 97 110 132 136 142
20210220 MU: 8 9 31 34 58 81 97 110 132 136 142
20210222 SU: 33 fr) 45 88 94 110 114 115 125 129 130 133 137 139 140
20210222 SU: 33 45 88 94 110 114 115 125 129 130 133 137 139 140
20210222 MU: 8 13 30 with noise) 31 58 117 127 132 136 142
20210222 MU: 8 13 30 31 58 117 127 132 136 142
20210223 SU: 8 33 fr) 45 70 88 100 FR) 105 110 114 125 128 129 133 137 139 140
20210223 SU: 8 33 45 70 88 100 105 110 114 125 128 129 133 137 139 140
20210223 MU: 9 13 31 32 34 44 58 112 117 127 132 136 142
20210223 MU: 9 13 31 32 34 44 58 112 117 127 132 136 142
20210224 SU: 8 9 33 fr) 45 70 88 100 FR) 105 110 114 125 128 129 133 137 139 140
20210224 SU: 8 9 33 45 70 88 100 105 110 114 125 128 129 133 137 139 140
20210224 MU: 13 31 32 34 44 58 112 117 127 132 136 142
20210224 MU: 13 31 32 34 44 58 112 117 127 132 136 142
20210225 SU: 8 9 33 34 45 63 thres) 70 114 117 129 130 132 133 139 140
20210225 SU: 8 9 33 34 45 63 70 114 117 129 130 132 133 139 140
20210225 MU: 13 31 32 44 61 spike wf. as well as noises) 100 110 115 136 137
20210225 MU: 13 31 32 44 61 100 110 115 136 137
20210226 SU: 33 34 45 58 63 thres) 70 81 97 117 127 129 133 139 140
20210226 SU: 33 34 45 58 63 70 81 97 117 127 129 133 139 140
20210226 MU: 8 9 13 31 32 61 spike wf. as well as noises) 64 83 85 88 100 110 128 132 137
20210226 MU: 8 9 13 31 32 61 64 83 85 88 100 110 128 132 137
20210227 SU: 45 70 97 114 129 130 133 137 140 142
20210227 SU: 45 70 97 114 129 130 133 137 140 142
20210227 MU: 31 32 33 34 61 spike wf. as well as noises) 63 81 100 110 117 127 132 139
20210227 MU: 31 32 33 34 61 63 81 100 110 117 127 132 139
20210301 SU: 31 34 45 64 81 94 97 114 129 130 133 137 140 142
20210301 SU: 31 34 45 64 81 94 97 114 129 130 133 137 140 142
20210301 MU: 6 8 9 13 32 33 34 58 61 spike wf. as well as noises) 88 100 110 117 127 128 132 139
20210301 MU: 6 8 9 13 32 33 34 58 61 88 100 110 117 127 128 132 139
20210303 SU: 83 94 100 110 114 128 129 132 133 140 142
20210303 SU: 83 94 100 110 114 128 129 132 133 140 142
20210303 MU: 6 8 13 30 31 33 34 49 64 70 81 88 97 117 127 137 139
20210303 MU: 6 8 13 30 31 33 34 49 64 70 81 88 97 117 127 137 139
20210304 SU: 9 64 83 94 114 129 133 140
20210304 SU: 9 64 83 94 114 129 133 140
20210304 MU: 6 8 13 31 33 34 44 49 81 88 100 117 127 130 132 137 139
20210304 MU: 6 8 13 31 33 34 44 49 81 88 100 117 127 130 132 137 139
20210305 SU: 64 83 105 114 115 with noise) 129 133 140 142
20210305 SU: 64 83 105 114 115 129 133 140 142
20210305 MU: 8 31 33 34 44 49 58 88 97 117 127 128 130 137 139
20210305 MU: 8 31 33 34 44 49 58 88 97 117 127 128 130 137 139
20210306 SU: 64 83 94 110 114 129 133 137 139 140
20210306 SU: 64 83 94 110 114 129 133 137 139 140
20210306 MU: 31 33 34 45 58 61 81 117 130
20210306 MU: 31 33 34 45 58 61 81 117 130
20210308 SU: 33 49 64 94 97 100 114 115 128 129 132 133 137 139 140 142
20210308 SU: 33 49 64 94 97 100 114 115 128 129 132 133 137 139 140 142
20210308 MU: 6 13 30 31 58 61 63 81 88 105 117 127 130
20210308 MU: 6 13 30 31 58 61 63 81 88 105 117 127 130
20210310 SU: 33 40 49 64 70 81 83 94 97 100 114 129 132 133 137 139 140 142 with noise)
20210310 SU: 33 40 49 64 70 81 83 94 97 100 114 129 132 133 137 139 140 142
20210310 MU: 6 31 34 44 58 61 88 110 117
20210310 MU: 6 31 34 44 58 61 88 110 117
20210311 SU: 40 49 83 97 114 127 128 with noise) 129 133 137 139 140 142 with noise)
20210311 SU: 40 49 83 97 114 127 128 129 133 137 139 140 142
20210311 MU: 6 31 33 61 with noise) 64 85 88 117
20210311 MU: 6 31 33 61 64 85 88 117
20210312 SU: 6 32 33 40 FR) 49 64 83 97 105 with noise) 114 115 127 128 with noise) 129 133 137 139 140 142 with noise)
20210312 SU: 6 32 33 40 49 64 83 97 105 114 115 127 128 129 133 137 139 140 142
20210312 MU: 13 29 31 34 45 48 61 with noise) 70 85 88 110 117 130 136 
20210312 MU: 13 29 31 34 45 48 61 70 85 88 110 117 130 136
20210313 SU: 6 44 49 61 64 70 83 100 110 114 115 129 133 139 140
20210313 SU: 6 44 49 61 64 70 83 100 110 114 115 129 133 139 140
20210313 MU: 29 31 32 34 45 117 127 128 136 
20210313 MU: 29 31 32 34 45 117 127 128 136
20210314 SU: 6 13 44 45 49 61 64 70 81 83 100 114 115 129 137 139 140
20210314 SU: 6 13 44 45 49 61 64 70 81 83 100 114 115 129 137 139 140
20210314 MU: 9 29 31 32 33 34 40 88 97 127 133 142
20210314 MU: 9 29 31 32 33 34 40 88 97 127 133 142
20210315 SU: 6 9 13 31 34 45 49 64 94 100 114 115 117 129 133 137 142
20210315 SU: 6 9 13 31 34 45 49 64 94 100 114 115 117 129 133 137 142
20210315 MU: 29 33 44 61 83 88 97 105 127 139 140
20210315 MU: 29 33 44 61 83 88 97 105 127 139 140
20210316 SU: 6 30 33 61 94 with noise) 110 114 115 117 129 133 137
20210316 SU: 6 30 33 61 94 110 114 115 117 129 133 137
20210316 MU: 8 9 13 31 34 44 49 83 85 88 100 127 130 139 140
20210316 MU: 8 9 13 31 34 44 49 83 85 88 100 127 130 139 140
20210317 SU: 6 33 61 63 64 94 with noise) 110 115 117 129 132 133 137 139 142
20210317 SU: 6 33 61 63 64 94 110 115 117 129 132 133 137 139 142
20210317 MU: 4 8 9 13 31 34 40 44 45 49 58 83 85 88 97 100 112 114 130 140
20210317 MU: 4 8 9 13 31 34 40 44 45 49 58 83 85 88 97 100 112 114 130 140
20210319 SU: 6 34 58 64 97 129 130 133 137 139 140 142
20210319 SU: 6 34 58 64 97 129 130 133 137 139 140 142
20210319 MU: 9 13 30 31 44 45 49 70 83 85 88 100 105 with noise) 112 114 117 127
20210319 MU: 9 13 30 31 44 45 49 70 83 85 88 100 105 112 114 117 127
20210320 SU: 6 31 34 64 70 97 110 115 129 133 137 139 140 142 with large noise)
20210320 SU: 6 31 34 64 70 97 110 115 129 133 137 139 140 142
20210320 MU: 33 44 45 49 61 63 85 88 100 114 117 127
20210320 MU: 33 44 45 49 61 63 85 88 100 114 117 127
20210322 SU: 6 31 34 58 88 97 110 noise) 129 133 noise) 137 139 140 142
20210322 SU: 6 31 34 58 88 97 110 129 133 137 139 140 142
20210322 MU: 13 33 noise) 45 49 64 70 83 noise) 85 100 105 114 117 127
20210322 MU: 13 33 45 49 64 70 83 85 100 105 114 117 127
20210324 SU: 6 31 34 58 63 83 88 97 105 114 115 129 133 137 139 142
20210324 SU: 6 31 34 58 63 83 88 97 105 114 115 129 133 137 139 142
20210324 MU: 13 44 45 49 100 117 127 140
20210324 MU: 13 44 45 49 100 117 127 140
20210325 SU: 6 34 45 63 83 88 94 noise low fr) 97 100 114 129 130 132 133 137 142
20210325 SU: 6 34 45 63 83 88 94 97 100 114 129 130 132 133 137 142
20210325 MU: 13 44 49 58 61 117 noise) 127 139 140
20210325 MU: 13 44 49 58 61 117 127 139 140
20210326 SU: 31 34 83 88 94 noise low fr) 97 129 132 133 137 139 142
20210326 SU: 31 34 83 88 94 97 129 132 133 137 139 142
20210326 MU: 6 13 45 58 64 100 117 130
20210326 MU: 6 13 45 58 64 100 117 130
20210327 SU: 33 34 45 83 85 88 97 105 110 114 129 132 133 137 139 140 142
20210327 SU: 33 34 45 83 85 88 97 105 110 114 129 132 133 137 139 140 142
20210327 MU: 6 13 44 58 117 130
20210327 MU: 6 13 44 58 117 130
20210330 SU: 31 34 49 88 94 97 100 105 129 130 133 136 137 139 140 142
20210330 SU: 31 34 49 88 94 97 100 105 129 130 133 136 137 139 140 142
20210330 MU: 6 13 33 44 45 58 61 83 85 114 127 128 132
20210330 MU: 6 13 33 44 45 58 61 83 85 114 127 128 132
20210331 SU: 6 31 34 63 94 97 117 128 129 132 133 136 137 139 140 142
20210331 SU: 6 31 34 63 94 97 117 128 129 132 133 136 137 139 140 142
20210331 MU: 13 44 49 58 61 64 70 85 88 100 105 110 114 115 130
20210331 MU: 13 44 49 58 61 64 70 85 88 100 105 110 114 115 130
20210401 SU: 6 31 34 40 44 45 88 94 97 112 128 129 133 136 137 139 140 142
20210401 SU: 6 31 34 40 44 45 88 94 97 112 128 129 133 136 137 139 140 142
20210401 MU: 9 13 49 50 58 61 64 70 83 85 100 105 110 115 117 127 130
20210401 MU: 9 13 49 50 58 61 64 70 83 85 100 105 110 115 117 127 130
20210402 SU: 34 49 88 94 114 129 130 133 136 137 139 140 142
20210402 SU: 34 49 88 94 114 129 130 133 136 137 139 140 142
20210402 MU: 6 13 30 40 58 61 97 100 117
20210402 MU: 6 13 30 40 58 61 97 100 117
20210403 SU: 6 34 49 88 100 112 114 117 129 130 133 137 139 142
20210403 SU: 6 34 49 88 100 112 114 117 129 130 133 137 139 142
20210403 MU: 13 29 33 44 45 58 61 85 110 136 140
20210403 MU: 13 29 33 44 45 58 61 85 110 136 140
20210404 SU: 6 9 33 bound) 34 45 114 117 129 130 133 137 139 noise) 142
20210404 SU: 6 9 33 34 45 114 117 129 130 133 137 139 142
20210404 MU: 13 44 49 61 88 100 127 136 140
20210404 MU: 13 44 49 61 88 100 127 136 140
20210406 SU: 30 70 100 117 133 137 139 142
20210406 SU: 30 70 100 117 133 137 139 142
20210406 MU: 6 34 45 61 63 88 94 noise) 97 110 114 130
20210406 MU: 6 34 45 61 63 88 94 97 110 114 130
20210407 SU: 6 30 83 117 129 130 132 133 136 fr) 137 139 142
20210407 SU: 6 30 83 117 129 130 132 133 136 137 139 142
20210407 MU: 34 45 61 63 70 88 100 105 114
20210407 MU: 34 45 61 63 70 88 100 105 114
20210408 SU: 6 30 49 50 97 100 105 115 117 130 133 137 139
20210408 SU: 6 30 49 50 97 100 105 115 117 130 133 137 139
20210408 MU: 34 45 61 63 64 70 88 140 142
20210408 MU: 34 45 61 63 64 70 88 140 142
20210409 SU: 6 28 30 50 63 83 94 97 100 105 110 112 114 115 117 127 130 133 137 139 142
20210409 SU: 6 28 30 50 63 83 94 97 100 105 110 112 114 115 117 127 130 133 137 139 142
20210409 MU: 31 33 34 45 49 58 61 70 85 88 129
20210409 MU: 31 33 34 45 49 58 61 70 85 88 129
20210410 SU: 6 28 34 63 83 94 97 100 114 117 129 130 133 136 137 142
20210410 SU: 6 28 34 63 83 94 97 100 114 117 129 130 133 136 137 142
20210410 MU: 4 8 13 30 31 50 58 61 70 85 88 105 110 112 115 127 132 139 140
20210410 MU: 4 8 13 30 31 50 58 61 70 85 88 105 110 112 115 127 132 139 140
20210412 SU: 6 31 34 44 45 83 85 94 97 100 110 114 115 117 129 130 136 137 139 142
20210412 SU: 6 31 34 44 45 83 85 94 97 100 110 114 115 117 129 130 136 137 139 142
20210412 MU: 4 5 8 13 29 30 33 40 50 58 61 70 88 105 133 140
20210412 MU: 4 5 8 13 29 30 33 40 50 58 61 70 88 105 133 140
20210413 SU: 6 31 58 61 83 85 88 94 97 100 114 117 130 132 136 137 139 142
20210413 SU: 6 31 58 61 83 85 88 94 97 100 114 117 130 132 136 137 139 142
20210413 MU: 4 5 8 28 40 45 50 70 133 139 140
20210413 MU: 4 5 8 28 40 45 50 70 133 139 140
20210415 SU: 6 28 33 58 85 88 94 97 100 114 117 127 130 132 136 137 142
20210415 SU: 6 28 33 58 85 88 94 97 100 114 117 127 130 132 136 137 142
20210415 MU: 4 5 31 34 40 45 50 61 70 83 133 139 140
20210415 MU: 4 5 31 34 40 45 50 61 70 83 133 139 140
20210418 SU: 28 58 85 88 97 100 127 130
20210418 SU: 28 58 85 88 97 100 127 130
20210418 MU: 13 31 33 34 139 140
20210418 MU: 13 31 33 34 139 140
20210419 SU: 28 34 58 61 83 85 88 97 100 114 117 127 130 133 137 
20210419 SU: 28 34 58 61 83 85 88 97 100 114 117 127 130 133 137
20210419 MU: 4 6 13 31 105 110 128 129 136 139 140
20210419 MU: 4 6 13 31 105 110 128 129 136 139 140
20210420 SU: 28 61 70 85 88 97 100 105 112 114 117 127 130 142
20210420 SU: 28 61 70 85 88 97 100 105 112 114 117 127 130 142
20210420 MU: 5 6 13 34 50 58 83 110 133 136 137 140
20210420 MU: 5 6 13 34 50 58 83 110 133 136 137 140
20210421 SU: 5 28 61 85 88 97 100 105 110 112 117 127 129 130 133 137 140 142
20210421 SU: 5 28 61 85 88 97 100 105 110 112 117 127 129 130 133 137 140 142
20210421 MU: 4 6 8 13 30 31 33 34 50 52 58 70 83 136
20210421 MU: 4 6 8 13 30 31 33 34 50 52 58 70 83 136
20210422 SU: 28 33 58 70 85 88 97 100 110 117 127 128 129 130 137 138 140
20210422 SU: 28 33 58 70 85 88 97 100 110 117 127 128 129 130 137 138 140
20210422 MU: 6 13 34 49 61
20210422 MU: 6 13 34 49 61
20210423 SU: 33 49 58 70 85 88 97 100 105 114 127 129 130 137 139  142
20210423 SU: 33 49 58 70 85 88 97 100 105 114 127 129 130 137 139 142
20210423 MU: 5 6 8 13 28 34 61 110.117 128
20210423 MU: 5 6 8 13 28 34 61 110.117 128
20210424 SU: 49 58 70 88 97 100 127 130 133 139 140 142
20210424 SU: 49 58 70 88 97 100 127 130 133 139 140 142
20210424 MU: 5 6 13 34 61 85 117 128 136 137
20210424 MU: 5 6 13 34 61 85 117 128 136 137
20210426 SU: 112 127 130 133 139 142
20210426 SU: 112 127 130 133 139 142
20210426 MU: 4 5 6 13 28 34 58 61 85 97 100 114 117 136
20210426 MU: 4 5 6 13 28 34 58 61 85 97 100 114 117 136
20210428 SU: 6 34 70 85 88 97 100 105 with noise) 127 with noise) 130 133 137 139
20210428 SU: 6 34 70 85 88 97 100 105 127 130 133 137 139
20210428 MU: 5 13 28 45 49 58 61 65 117 with noise) 136 140
20210428 MU: 5 13 28 45 49 58 61 65 117 136 140
20210429 SU: 
20210429 SU: 
20210429 MU: 
20210429 MU: 
20210501 SU: 6 33 49 63 85 88 97 130 137 noise) 139
20210501 SU: 6 33 49 63 85 88 97 130 137 139
20210501 MU: 5 34 45 70 100 114 127 136
20210501 MU: 5 34 45 70 100 114 127 136
20210510 SU: 6 29 33 45 61 81 83 85 88 97 130 133 noise) 137 noise) 139 140
20210510 SU: 6 29 33 45 61 81 83 85 88 97 130 133 137 139 140
20210510 MU: 4 30 58 65 100 125 with noise) 127 128 129 with noise) 132 136 142
20210510 MU: 4 30 58 65 100 125 127 128 129 132 136 142
20210511 SU: 6 29 33 83 85 88 97 130 133 noise) 136 137 noise) 139
20210511 SU: 6 29 33 83 85 88 97 130 133 136 137 139
20210511 MU: 45 61 65 100 110 114 127 132
20210511 MU: 45 61 65 100 110 114 127 132
20210514 SU: 6 83 85 88 97 100 105 110 130 133 noise) 136 137 noise) 139 140
20210514 SU: 6 83 85 88 97 100 105 110 130 133 136 137 139 140
20210514 MU: 61 65 70 114 115 127
20210514 MU: 61 65 70 114 115 127
20210515 SU: 6 83 85 88 97 100 105 110 130 133 noise) 136 137 noise) 139 140
20210515 SU: 6 83 85 88 97 100 105 110 130 133 136 137 139 140
20210515 MU: 61 65 70 114 115 117 127
20210515 MU: 61 65 70 114 115 117 127
20210517 SU: 130 136 139 
20210517 SU: 130 136 139
20210517 MU: 6 33 34 44 61 65 83 85 100 110 112 115 117 127 128 
20210517 MU: 6 33 34 44 61 65 83 85 100 110 112 115 117 127 128
20210518 SU: 49 70 83 97 114 130 139 
20210518 SU: 49 70 83 97 114 130 139
20210518 MU: 6 29 33 44 65 85 100 115 117 127 129 136 137
20210518 MU: 6 29 33 44 65 85 100 115 117 127 129 136 137
20210519 SU: 6 49 70 97 114 130 132 133 137 139 
20210519 SU: 6 49 70 97 114 130 132 133 137 139
20210519 MU: 8 29 33 44 83 85 88 115 117 127 128 136 140
20210519 MU: 8 29 33 44 83 85 88 115 117 127 128 136 140
20210520 SU: 9 49 58 83 97 105 114 127 133 136 137 139 142
20210520 SU: 9 49 58 83 97 105 114 127 133 136 137 139 142
20210520 MU: 8 44 70 85 88 140
20210520 MU: 8 44 70 85 88 140
20210521 SU: 9 34 49 83 88 105 114 127 137 139 142
20210521 SU: 9 34 49 83 88 105 114 127 137 139 142
20210521 MU: 6 8 33 44 61 81 85 97 129 140
20210521 MU: 6 8 33 44 61 81 85 97 129 140
20210522 SU: 30 49 130 132 133 139 142
20210522 SU: 30 49 130 132 133 139 142
20210522 MU: 5 6 8 9 33 34 83 97 127 136 140
20210522 MU: 5 6 8 9 33 34 83 97 127 136 140
20210524 SU: 30 49 85 114 130 133 137 139 142
20210524 SU: 30 49 85 114 130 133 137 139 142
20210524 MU: 5 6 7 8 9 29 33 34 50 61 65 81 83 88 97 100 110 115 127 132 136 140
20210524 MU: 5 6 7 8 9 29 33 34 50 61 65 81 83 88 97 100 110 115 127 132 136 140
20210525 SU: 5 7 9 49 85 127 128 129 130 133 134 136 137 139 142
20210525 SU: 5 7 9 49 85 127 128 129 130 133 134 136 137 139 142
20210525 MU: 6 8 29 30 33 34 44 58 61 65 81 83 88 97 100 105 112 114 115 117 125 140
20210525 MU: 6 8 29 30 33 34 44 58 61 65 81 83 88 97 100 105 112 114 115 117 125 140
20210527 SU: 49 97 127 130 132 133 137 139 140 142
20210527 SU: 49 97 127 130 132 133 137 139 140 142
20210527 MU: 5 6 7 8 9 29 30 33 34 44 58 65 70 83 88 100 105 114 115 117 125 136
20210527 MU: 5 6 7 8 9 29 30 33 34 44 58 65 70 83 88 100 105 114 115 117 125 136
20210528 SU: 31 49 88 97 117 127 132 137 140 142
20210528 SU: 31 49 88 97 117 127 132 137 140 142
20210528 MU: 5 6 7 29 30 33 34 58 65 83 85 100 105 114 115 130 136
20210528 MU: 5 6 7 29 30 33 34 58 65 83 85 100 105 114 115 130 136
20210531 SU: 34 97 117 127 129 130 132 133 137 139 142
20210531 SU: 34 97 117 127 129 130 132 133 137 139 142
20210531 MU: 4 5 6 7 8 29 30 33 44 49 58 83 85 88 100 105 114 115 128 136
20210531 MU: 4 5 6 7 8 29 30 33 44 49 58 83 85 88 100 105 114 115 128 136
20210601 SU: 34 88 97 105 110 112 117 127 129 130 132 small) 137 139 140 142
20210601 SU: 34 88 97 105 110 112 117 127 129 130 132 137 139 140 142
20210601 MU: 6 29 30 33 44 with noise) 49 58 with noise) 83 85 100 114 115
20210601 MU: 6 29 30 33 44 49 58 83 85 100 114 115
20210603 SU: 88 105 110 117 127 129 130 132 small) 137 139 140 142
20210603 SU: 88 105 110 117 127 129 130 132 137 139 140 142
20210603 MU: 6 7 8 9 29 30 33 34 65 70 with noise) 83 85 100 114 133
20210603 MU: 6 7 8 9 29 30 33 34 65 70 83 85 100 114 133
20210607 SU: 5 49 127 129 130 132 137 139 140 142
20210607 SU: 5 49 127 129 130 132 137 139 140 142
20210607 MU: 6 7 8 9 31 33 34 40 44 61 81 85 88 97 100 114 117 128 133 136
20210607 MU: 6 7 8 9 31 33 34 40 44 61 81 85 88 97 100 114 117 128 133 136
20210609 SU: 24 25 34 45 49 88 100 110 112 115 127 130 133 137 139 142
20210609 SU: 24 25 34 45 49 88 100 110 112 115 127 130 133 137 139 142
20210609 MU: 6 7 8 9 13 29 33 40 44 81 83 85 97 105 114 128 129 136 140
20210609 MU: 6 7 8 9 13 29 33 40 44 81 83 85 97 105 114 128 129 136 140
20210610 SU: 7 9 24 25 58 85 100 105 130 137 139 142
20210610 SU: 7 9 24 25 58 85 100 105 130 137 139 142
20210610 MU: 5 6 8 13 28 29 34 44 70 81 88 114 117 129 132 133 136 140
20210610 MU: 5 6 8 13 28 29 34 44 70 81 88 114 117 129 132 133 136 140
20210611 SU: 9 25 29 70 85 88 100 105 117 130 137 139 140 142
20210611 SU: 9 25 29 70 85 88 100 105 117 130 137 139 140 142
20210611 MU: 5 7 44 114 129 132 133 136
20210611 MU: 5 7 44 114 129 132 133 136
20210614 SU: 9 29 100 105 129 132 137 139 140 142
20210614 SU: 9 29 100 105 129 132 137 139 140 142
20210614 MU: 25 85 130
20210614 MU: 25 85 130
20210615 SU: 9 29 100 105 129 132 137 139 140 142
20210615 SU: 9 29 100 105 129 132 137 139 140 142
20210615 MU: 25 85 130
20210615 MU: 25 85 130
20210616 SU: 9 25 29 34 97 100 117 128 129 136 137 140 142
20210616 SU: 9 25 29 34 97 100 117 128 129 136 137 140 142
20210616 MU: 8 28 30 44 85 88 130 132 133 139
20210616 MU: 8 28 30 44 85 88 130 132 133 139
20210617 SU: 6 25 29 34 88 97 100 110 114 115 117 128 130 139 140 142
20210617 SU: 6 25 29 34 88 97 100 110 114 115 117 128 130 139 140 142
20210617 MU: 8 9 24 30 44 85 133 136 137
20210617 MU: 8 9 24 30 44 85 133 136 137
20210618 SU: 29 83 88 97 114 117 130 132 136 139 140 142
20210618 SU: 29 83 88 97 114 117 130 132 136 139 140 142
20210618 MU: 30 40 44 85 129 133
20210618 MU: 30 40 44 85 129 133
20210621 SU: 29 97 100 110 114 129 130 139 140 142
20210621 SU: 29 97 100 110 114 129 130 139 140 142
20210621 MU: 6 7 24 25 30 34 44 83 85 88 117 with noise) 132 133 136 137
20210621 MU: 6 7 24 25 30 34 44 83 85 88 117 132 133 136 137
20210622 SU: 9 97 100 110 130 132 133 but low FR)  137 139 140 142 all mingled with mid-frequency noise)
20210622 SU: 9 97 100 110 130 132 133 137 139 140 142
20210622 MU: 6 7 25 30 34 49 83 85 88 117 with noise) 136
20210622 MU: 6 7 25 30 34 49 83 85 88 117 136
20210624 SU: 6 29 100 117 130 133 but low FR)  136 137 139 140 142
20210624 SU: 6 29 100 117 130 133 136 137 139 140 142
20210624 MU: 25 30 31 44 49 85 88 97
20210624 MU: 25 30 31 44 49 85 88 97
20210625 SU: 6 31 33 85 97 100 105 114   high FR) 117 130 133 FR)  136 137 139 140 142
20210625 SU: 6 31 33 85 97 100 105 114 117 130 133 136 137 139 140 142
20210625 MU: 7 30 34 40 44 49 132
20210625 MU: 7 30 34 40 44 49 132
20210626 SU: 7 31 32 thres) 40 44 85 97 100 105 114 117 130 132 133 136 139 140 142
20210626 SU: 7 31 32 40 44 85 97 100 105 114 117 130 132 133 136 139 140 142
20210626 MU: 6 30 33 34 49 137
20210626 MU: 6 30 33 34 49 137
20210628 SU: 25 45 85 130 132 137 139 140 142
20210628 SU: 25 45 85 130 132 137 139 140 142
20210628 MU: 33 34 49 88 100 117 136
20210628 MU: 33 34 49 88 100 117 136
20210629 SU: 5 25 28 29 31 45 85 88 130 133 136 137 139 140 142 with mid-frequency noise)
20210629 SU: 5 25 28 29 31 45 85 88 130 133 136 137 139 140 142
20210629 MU: 9 30 49 117
20210629 MU: 9 30 49 117
20210630 SU: 24 29 31 45 85 117 130 132 133 136 137 139 140 142
20210630 SU: 24 29 31 45 85 117 130 132 133 136 137 139 140 142
20210630 MU: 6 9 25 33 44 49 83 88
20210630 MU: 6 9 25 33 44 49 83 88
20210701 SU: 25 81 FR) 85 94 with noise) 97 100 110 114 130 132 136 137 139 142 with large MF noise)
20210701 SU: 25 81 85 94 97 100 110 114 130 132 136 137 139 142
20210701 MU: 6 9 30 31 44 45 with noise) 49 83 88 105 with noise) 117 with MF noise) 129 140
20210701 MU: 6 9 30 31 44 45 49 83 88 105 117 129 140
20210702 SU: 25 29 81 85 97 100 105 114 130 136 137 139 142 with large MF noise)
20210702 SU: 25 29 81 85 97 100 105 114 130 136 137 139 142
20210702 MU: 6 7 30 44 49 88 117 with MF noise) 129 132 140
20210702 MU: 6 7 30 44 49 88 117 129 132 140
20210703 SU: 25 29 noise) 31 32 33 34 70 81 85 97 100 105 114 117 130 133 136 137 139 142 with large MF noise)
20210703 SU: 25 29 31 32 33 34 70 81 85 97 100 105 114 117 130 133 136 137 139 142
20210703 MU: 30 44 88 129 132 140
20210703 MU: 30 44 88 129 132 140
20210705 SU: 29 noise) 30 70
20210705 SU: 29 30 70
20210705 MU: 7 9 25 31 44 85 88
20210705 MU: 7 9 25 31 44 85 88
20210707 SU: 29 30 33 34 85 114 117 130 136 139 142
20210707 SU: 29 30 33 34 85 114 117 130 136 139 142
20210707 MU: 7 31 44 70 88 132 140
20210707 MU: 7 31 44 70 88 132 140
20210710 SU: 25 33 85 105 117 130 136 142
20210710 SU: 25 33 85 105 117 130 136 142
20210710 MU: 29 30 31 34 65 70 132 139 140
20210710 MU: 29 30 31 34 65 70 132 139 140
20210712 SU: 25 33 44 58 97 105 114 117 130 136 139
20210712 SU: 25 33 44 58 97 105 114 117 130 136 139
20210712 MU: 29 30 31 34 65 70 85 100 132 133 137 140
20210712 MU: 29 30 31 34 65 70 85 100 132 133 137 140
20210713 SU: 33 114 117 130 132 136 139 142
20210713 SU: 33 114 117 130 132 136 139 142
20210713 MU: 24 25 30 34 83 85 100 133 137 140
20210713 MU: 24 25 30 34 83 85 100 133 137 140
20210715 SU: 7 25 117 130 132 fr) 136 137 139 140 142
20210715 SU: 7 25 117 130 132 136 137 139 140 142
20210715 MU: 30 31 32 33 34 49 128 133
20210715 MU: 30 31 32 33 34 49 128 133
20210716 SU: 7 25 29 83 114 117 130 132 136 137 139 140 142
20210716 SU: 7 25 29 83 114 117 130 132 136 137 139 140 142
20210716 MU: 5 24 30 49 70 81 85 100
20210716 MU: 5 24 30 49 70 81 85 100
20210719 SU: 7 24 29 85 114 117 132 139 140 142
20210719 SU: 7 24 29 85 114 117 132 139 140 142
20210719 MU: 25 30 49 70 105 130 136
20210719 MU: 25 30 49 70 105 130 136
20210720 SU: 7 29 31 34 49 85 117 128 132 137 139 142
20210720 SU: 7 29 31 34 49 85 117 128 132 137 139 142
20210720 MU: 24 25 30 105 130 136
20210720 MU: 24 25 30 105 130 136
20210721 SU: 29 31 32 49 85 117 128 132 137 139 140 142
20210721 SU: 29 31 32 49 85 117 128 132 137 139 140 142
20210721 MU: 30 33 34 70 105 115 130
20210721 MU: 30 33 34 70 105 115 130
20210722 SU: 29 31 49 85 117 129 132 133 136
20210722 SU: 29 31 49 85 117 129 132 133 136
20210722 MU: 30 70 100 114 130
20210722 MU: 30 70 100 114 130
20210724 SU: 29 34 49 85 117 132 136 137 139 140
20210724 SU: 29 34 49 85 117 132 136 137 139 140
20210724 MU: 24 25 30 31 44 70 100 114 130
20210724 MU: 24 25 30 31 44 70 100 114 130
20210726 SU: 7 29 31 49 85 97 117 118 139
20210726 SU: 7 29 31 49 85 97 117 118 139
20210726 MU: 6 8 9 24 30 33 34 70 100 105 112 130 136
20210726 MU: 6 8 9 24 30 33 34 70 100 105 112 130 136
20210727 SU: 29 31 32 33 34 49 85 117 118 130 132 133 139
20210727 SU: 29 31 32 33 34 49 85 117 118 130 132 133 139
20210727 MU: 5 30 70 100 105 136 140
20210727 MU: 5 30 70 100 105 136 140
20210728 SU: 29 32 33 49 70 85 117 130 137 139 142
20210728 SU: 29 32 33 49 70 85 117 130 137 139 142
20210728 MU: 30 31 34 58 100 105 132 136 140
20210728 MU: 30 31 34 58 100 105 132 136 140
20210729 SU: 24 31 32 117 130 137 139 140 142
20210729 SU: 24 31 32 117 130 137 139 140 142
20210729 MU: 34 70 85 100 136
20210729 MU: 34 70 85 100 136
20210730 SU: 30 31 117 130 133 137 139 140
20210730 SU: 30 31 117 130 133 137 139 140
20210730 MU: 6 34 58 100 136
20210730 MU: 6 34 58 100 136
20210801 SU: 9 31 32 114 117 130 132 137 139 140
20210801 SU: 9 31 32 114 117 130 132 137 139 140
20210801 MU: 6 7 24 30 83 85 100 105 110 136 142
20210801 MU: 6 7 24 30 83 85 100 105 110 136 142
20210802 SU: 29 30 31 105 114 117 130 132 137 139 142
20210802 SU: 29 30 31 105 114 117 130 132 137 139 142
20210802 MU: 7 24 32 34 44 49 58 70 85 100 110 136
20210802 MU: 7 24 32 34 44 49 58 70 85 100 110 136
20210803 SU: 29 30 31 105 114 117 130 132 137 139 142
20210803 SU: 29 30 31 105 114 117 130 132 137 139 142
20210803 MU: 7 24 32 34 44 49 58 70 85 100 110 136
20210803 MU: 7 24 32 34 44 49 58 70 85 100 110 136
20210804 SU: 30 31 32 34 100 114 117 130 132 137 139 140 142
20210804 SU: 30 31 32 34 100 114 117 130 132 137 139 140 142
20210804 MU: 24 33 44 49 110 133 136
20210804 MU: 24 33 44 49 110 133 136
20210805 SU: 30 31 34 100 117 130 137 139 140 142
20210805 SU: 30 31 34 100 117 130 137 139 140 142
20210805 MU: 33 44 49 70 132 133 136
20210805 MU: 33 44 49 70 132 133 136
20210806 SU: 6 7 114 117 130 132 133 137 140 142
20210806 SU: 6 7 114 117 130 132 133 137 140 142
20210806 MU: 30 31 33 34 49 85 100 136 139
20210806 MU: 30 31 33 34 49 85 100 136 139
20210808 SU: 
20210808 SU: 
20210808 MU: 
20210808 MU: 
20210809 SU: 6 7 30 31 100 112 114 117 130 132 137 139 140 142
20210809 SU: 6 7 30 31 100 112 114 117 130 132 137 139 140 142
20210809 MU: 34 49 85 136
20210809 MU: 34 49 85 136
20210810 SU: 6 7 30 31 100 112 114 117 130 132 137 139 140 142
20210810 SU: 6 7 30 31 100 112 114 117 130 132 137 139 140 142
20210810 MU: 34 49 85 136
20210810 MU: 34 49 85 136
20210812 SU: 31 100 117 130 136 137 139
20210812 SU: 31 100 117 130 136 137 139
20210812 MU: 6 7 30 49 114 132
20210812 MU: 6 7 30 49 114 132
20210813 SU: 9 30 31 100 117 130 132 133 136 137 139 140
20210813 SU: 9 30 31 100 117 130 132 133 136 137 139 140
20210813 MU: 6 70 114 142
20210813 MU: 6 70 114 142
20210814 SU: 6 30 100 117 130 136 137 139 140 142
20210814 SU: 6 30 100 117 130 136 137 139 140 142
20210814 MU: 9 31 105 132 133
20210814 MU: 9 31 105 132 133
20210816 SU: 30 100 117 136 137 139 140 142
20210816 SU: 30 100 117 136 137 139 140 142
20210816 MU: 6 9 24 31 32 58 114 132 133
20210816 MU: 6 9 24 31 32 58 114 132 133
20210817 SU: 30 100 117 136 137 139 140 142
20210817 SU: 30 100 117 136 137 139 140 142
20210817 MU: 6 9 24 31 32 58 114 132 133
20210817 MU: 6 9 24 31 32 58 114 132 133
20210818 SU: 9 30 100 117 136 137 139 142
20210818 SU: 9 30 100 117 136 137 139 142
20210818 MU: 6 33 44 83 132
20210818 MU: 6 33 44 83 132
20210820 SU: 9 30 100 117 136 137 139 142
20210820 SU: 9 30 100 117 136 137 139 142
20210820 MU: 6 33 44 83 132
20210820 MU: 6 33 44 83 132
20210821 SU: 6 9 100 117 136 137 139 140 142
20210821 SU: 6 9 100 117 136 137 139 140 142
20210821 MU: 49 105 130 132
20210821 MU: 49 105 130 132
20210825 SU: 6 33 100 117 136 137 140
20210825 SU: 6 33 100 117 136 137 140
20210825 MU: 9
20210825 MU: 9
20210826 SU: 6 31 100 105 117 130 132 136 137 139 140
20210826 SU: 6 31 100 105 117 130 132 136 137 139 140
20210826 MU: 5 7 9 33 142
20210826 MU: 5 7 9 33 142
20210827 SU: 6 31 100 117 132 136 139 140
20210827 SU: 6 31 100 117 132 136 139 140
20210827 MU: 5 7 9 49 85 130
20210827 MU: 5 7 9 49 85 130
20210829 SU: 6 31 33 100 117 132 136 139 140
20210829 SU: 6 31 33 100 117 132 136 139 140
20210829 MU: 5 7 9 49 85 130
20210829 MU: 5 7 9 49 85 130
20210830 SU: 6 31 100 117 132 136 139 140
20210830 SU: 6 31 100 117 132 136 139 140
20210830 MU: 7 24 70 81 110 114 130
20210830 MU: 7 24 70 81 110 114 130
20210831 SU: 32 34 44 49 100 114 117 130 132 137
20210831 SU: 32 34 44 49 100 114 117 130 132 137
20210831 MU: 45 70 81 105 110 136 142
20210831 MU: 45 70 81 105 110 136 142
20210901 SU: 32 34 44 49 100 114 117 130 132 137 142
20210901 SU: 32 34 44 49 100 114 117 130 132 137 142
20210901 MU: 33 45 70 81 105 110 136 139 140
20210901 MU: 33 45 70 81 105 110 136 139 140
20210902 SU: 6 117 130 132 136 137 139 142
20210902 SU: 6 117 130 132 136 137 139 142
20210902 MU: 33 44 49 70 100 140
20210902 MU: 33 44 49 70 100 140
20210903 SU: 30 117 130 132 136 137 139 142
20210903 SU: 30 117 130 132 136 137 139 142
20210903 MU: 29 31 44 49 85 100
20210903 MU: 29 31 44 49 85 100
20210904 SU: 7 33 44 100 117 132 136 137 140 142
20210904 SU: 7 33 44 100 117 132 136 137 140 142
20210904 MU: 6 49 105 114 130
20210904 MU: 6 49 105 114 130
20210906 SU: 7 33 44 100 117 132 136 137 140 142
20210906 SU: 7 33 44 100 117 132 136 137 140 142
20210906 MU: 6 49 105 114 130
20210906 MU: 6 49 105 114 130
20210908 SU: 7 33 44 100 117 132 136 137 140 142
20210908 SU: 7 33 44 100 117 132 136 137 140 142
20210908 MU: 6 49 105 114 130
20210908 MU: 6 49 105 114 130
20210909 SU: 7 33 44 114 117 132 136 137 140 142
20210909 SU: 7 33 44 114 117 132 136 137 140 142
20210909 MU: 49 130
20210909 MU: 49 130
20210910 SU: 7 31 114 117 132 136 137 139 142
20210910 SU: 7 31 114 117 132 136 137 139 142
20210910 MU: 44 49 100 130
20210910 MU: 44 49 100 130
20210911 SU: 7 31 33 100 114 117 130 132 136 137 142
20210911 SU: 7 31 33 100 114 117 130 132 136 137 142
20210911 MU: 34 139
20210911 MU: 34 139
20210916 SU: 7 31 33 100 114 117 130 132 136 137 142
20210916 SU: 7 31 33 100 114 117 130 132 136 137 142
20210916 MU: 34 139
20210916 MU: 34 139
20210917 SU: 6 7 100 114 117 130 132 136 137 142
20210917 SU: 6 7 100 114 117 130 132 136 137 142
20210917 MU: 4 5 13 70 81 105 139 140
20210917 MU: 4 5 13 70 81 105 139 140
20210918 SU: 6 7 100 114 117 130 132 136 137 142
20210918 SU: 6 7 100 114 117 130 132 136 137 142
20210918 MU: 4 5 13 70 81 105 139 140
20210918 MU: 4 5 13 70 81 105 139 140
20210920 SU: 100 114 117 130 132 136 137 142
20210920 SU: 100 114 117 130 132 136 137 142
20210920 MU: 31 70 105 139 140
20210920 MU: 31 70 105 139 140
20210921 SU: 34 97 100 117 132 137 142
20210921 SU: 34 97 100 117 132 137 142
20210921 MU: 7 9 13 70 81 105 130 136 139
20210921 MU: 7 9 13 70 81 105 130 136 139
20210922 SU: 44 114 117 130 136 137 142
20210922 SU: 44 114 117 130 136 137 142
20210922 MU: 31 33 34 45 70 97 100 139
20210922 MU: 31 33 34 45 70 97 100 139
20210926 SU: 44 114 117 130 136 137 142
20210926 SU: 44 114 117 130 136 137 142
20210926 MU: 31 33 34 45 70 97 100 139
20210926 MU: 31 33 34 45 70 97 100 139
20210927 SU: 44 114 117 130 136 137 142
20210927 SU: 44 114 117 130 136 137 142
20210927 MU: 34 45 70 97 100 139
20210927 MU: 34 45 70 97 100 139
20210928 SU: 13 14 114 117 130 132 136 137 140 142
20210928 SU: 13 14 114 117 130 132 136 137 140 142
20210928 MU: 6 15 34 44 70 81 85 139
20210928 MU: 6 15 34 44 70 81 85 139
20210929 SU: 13 114 117 130 132 136 137 140 142
20210929 SU: 13 114 117 130 132 136 137 140 142
20210929 MU: 4 6 14 15 34 44 70 81 85 139
20210929 MU: 4 6 14 15 34 44 70 81 85 139
20210930 SU: 6 13 97 117 132 136 137
20210930 SU: 6 13 97 117 132 136 137
20210930 MU: 9 33 34 44 130 142
20210930 MU: 9 33 34 44 130 142
20211004 SU: 6 13 117 136 140
20211004 SU: 6 13 117 136 140
20211004 MU: 14 24 130 137
20211004 MU: 14 24 130 137
20211005 SU: 6 13 100 105 117 130 136 137  142
20211005 SU: 6 13 100 105 117 130 136 137 142
20211005 MU: 7 30 44
20211005 MU: 7 30 44
20211007 SU: 6 100 105 117 130 136 137 140 142
20211007 SU: 6 100 105 117 130 136 137 140 142
20211007 MU: 7 29
20211007 MU: 7 29
20211011 SU: 6 100 117 130
20211011 SU: 6 100 117 130
20211011 MU: 110 114 128 136 137 140 142
20211011 MU: 110 114 128 136 137 140 142
20211013 SU: 6 100 117 130
20211013 SU: 6 100 117 130
20211013 MU: 110 114 128 136 137 140 142
20211013 MU: 110 114 128 136 137 140 142
20211018 SU: 6 100 117 130
20211018 SU: 6 100 117 130
20211018 MU: 7 110 114 128 136 137 140 142
20211018 MU: 7 110 114 128 136 137 140 142
20211019 SU: 6 100 117 130
20211019 SU: 6 100 117 130
20211019 MU: 7 110 114 128 136 137 140 142
20211019 MU: 7 110 114 128 136 137 140 142
20211020 SU: 6 25 28 30 31 117 130
20211020 SU: 6 25 28 30 31 117 130
20211020 MU: 7 13 24 34 100 105 110 114 136 137 140
20211020 MU: 7 13 24 34 100 105 110 114 136 137 140
20211021 SU: 6 44 117 130 132 136 137 140 142
20211021 SU: 6 44 117 130 132 136 137 140 142
20211021 MU: 13 24 25 45 100 105 139
20211021 MU: 13 24 25 45 100 105 139
20211023 SU: 6 130 132 136 137 140 142
20211023 SU: 6 130 132 136 137 140 142
20211023 MU: 13 24 25 45 100 105 139
20211023 MU: 13 24 25 45 100 105 139
20211025 SU: 117 130 132 136 137 140 142
20211025 SU: 117 130 132 136 137 140 142
20211025 MU: 6 13 139
20211025 MU: 6 13 139
20211026 SU: 6 117 130 132 136 137 142
20211026 SU: 6 117 130 132 136 137 142
20211026 MU: 13 50 100
20211026 MU: 13 50 100
20211027 SU: 14 117 130 132 136 137 140
20211027 SU: 14 117 130 132 136 137 140
20211027 MU: 6 13 139 142
20211027 MU: 6 13 139 142
20211029 SU: 14 117 130 132 136 137 140
20211029 SU: 14 117 130 132 136 137 140
20211029 MU: 6 13 49 70 81 83 105 115
20211029 MU: 6 13 49 70 81 83 105 115
20211101 SU: 117 130 132 136 137
20211101 SU: 117 130 132 136 137
20211101 MU: 13 14 50 140 142
20211101 MU: 13 14 50 140 142
20211102 SU: 6 13 105 117 130 132 136 137
20211102 SU: 6 13 105 117 130 132 136 137
20211102 MU: 14 142
20211102 MU: 14 142
20211104 SU: 6 13 105 117 130 132 136 137
20211104 SU: 6 13 105 117 130 132 136 137
20211104 MU: 14 142
20211104 MU: 14 142
20211107 SU: 
20211107 SU: 
20211107 MU: 
20211107 MU: 
20211108 SU: 
20211108 SU: 
20211108 MU: 
20211108 MU: 
20211109 SU: 6 13 117 130 140
20211109 SU: 6 13 117 130 140
20211109 MU: 70 105 110 136
20211109 MU: 70 105 110 136
20211110 SU: 6 13 117 130 140
20211110 SU: 6 13 117 130 140
20211110 MU: 70 105 110 136
20211110 MU: 70 105 110 136
20211111 SU: 6 13 117 130 136
20211111 SU: 6 13 117 130 136
20211111 MU: 4 9 34 45 81
20211111 MU: 4 9 34 45 81
20211113 SU: 6 13 45 81 117 136 137 140
20211113 SU: 6 13 45 81 117 136 137 140
20211113 MU: 9 130 142
20211113 MU: 9 130 142
20211115 SU: 6 13 45 117 132
20211115 SU: 6 13 45 117 132
20211115 MU: 4 9 14 70 81 137
20211115 MU: 4 9 14 70 81 137
20211117 SU: 6 13 45 117 132
20211117 SU: 6 13 45 117 132
20211117 MU: 4 9 14 70 81 137
20211117 MU: 4 9 14 70 81 137
20211118 SU: 6 13 45 117 136
20211118 SU: 6 13 45 117 136
20211118 MU: 14
20211118 MU: 14
20211119 SU: 6 13 45 117 136 137 142
20211119 SU: 6 13 45 117 136 137 142
20211119 MU: 140
20211119 MU: 140
20211122 SU: 
20211122 SU: 
20211122 MU: 
20211122 MU: 
20211123 SU: 
20211123 SU: 
20211123 MU: 
20211123 MU: 
20211125 SU: 6 13 83 117 136
20211125 SU: 6 13 83 117 136
20211125 MU: 7 45 65 70 81 110 130
20211125 MU: 7 45 65 70 81 110 130
20211129 SU: 6 13 117 136 137
20211129 SU: 6 13 117 136 137
20211129 MU: 7 45 65 70 81 110 130 139 140 142
20211129 MU: 7 45 65 70 81 110 130 139 140 142
20211130 SU: 6 9 45 117 130 136 137 140
20211130 SU: 6 9 45 117 130 136 137 140
20211130 MU: 7 13 65 105 110
20211130 MU: 7 13 65 105 110
20211202 SU: 9 13 117 136
20211202 SU: 9 13 117 136
20211202 MU: 6 7 45 70 110 130 137
20211202 MU: 6 7 45 70 110 130 137
20211204 SU: 9 13 117
20211204 SU: 9 13 117
20211204 MU: 6 49
20211204 MU: 6 49
20211208 SU: 13 117 129
20211208 SU: 13 117 129
20211208 MU: 6 49
20211208 MU: 6 49
20211209 SU: 13 117 130
20211209 SU: 13 117 130
20211209 MU: 6 49 129
20211209 MU: 6 49 129
20211210 SU: 7 13 117 129 gone after recording start) 130 gone after recording start) 136
20211210 SU: 7 13 117 129 130 136
20211210 MU: 6 49
20211210 MU: 6 49
20211211 SU: 13 117 130 136
20211211 SU: 13 117 130 136
20211211 MU: 6 7 49 97
20211211 MU: 6 7 49 97
20211214 SU: 13 117 130 136
20211214 SU: 13 117 130 136
20211214 MU: 6 7 49 97
20211214 MU: 6 7 49 97
20211215 SU: 117 136
20211215 SU: 117 136
20211215 MU: 13
20211215 MU: 13
20211216 SU: 13 117 136
20211216 SU: 13 117 136
20211216 MU: 
20211216 MU: 
20211217 SU: 13 45 117
20211217 SU: 13 45 117
20211217 MU: 105 136
20211217 MU: 105 136
20211218 SU: 13 45 117 136
20211218 SU: 13 45 117 136
20211218 MU: 105
20211218 MU: 105
20211221 SU: 13 45 117 129 130 136
20211221 SU: 13 45 117 129 130 136
20211221 MU: 105
20211221 MU: 105
20211222 SU: 100 117 136
20211222 SU: 100 117 136
20211222 MU: 129 130 137
20211222 MU: 129 130 137
20211224 SU: 100 105 117
20211224 SU: 100 105 117
20211224 MU: 6 129 136
20211224 MU: 6 129 136
20211228 SU: 81 117
20211228 SU: 81 117
20211228 MU: 6 129
20211228 MU: 6 129
20211230 SU: 6 105 117 136 142
20211230 SU: 6 105 117 136 142
20211230 MU: 81
20211230 MU: 81
20211231 SU: 6 105 129 130 117
20211231 SU: 6 105 129 130 117
20211231 MU: 81
20211231 MU: 81
